%YAML:1.0
R: !!opencv-matrix
   rows: 3
   cols: 3
   dt: d
   data: [ 0.999743456823466, -0.0109557226611265, -0.0198240429690372, 0.0110603087293386, 0.999925447965983, 0.00517378786183655, 0.0197658824613896, -0.00539172059736503, 0.999790097590250]
T: !!opencv-matrix
   rows: 3
   cols: 1
   dt: d
   data: [-1044.92892526024, -13.6106822681506, -16.1804818593822]

