%YAML:1.0
M1: !!opencv-matrix
   rows: 3
   cols: 3
   dt: d
   data: [ 1940.99287811550, 0., 643.909630106615, 0., 1932.15881332228, 518.867503019196, 0., 0., 1. ]
D1: !!opencv-matrix
   rows: 1
   cols: 5
   dt: d
   data: [-0.258811515370632, 0.182219125231714, 0., 0., 0.335542641224816]
M2: !!opencv-matrix
   rows: 3
   cols: 3
   dt: d
   data: [ 1933.43257683793, 0., 633.331153603624, 0., 1924.08963957889, 522.617126817156, 0., 0., 1. ]
D2: !!opencv-matrix
   rows: 1
   cols: 5
   dt: d
   data: [ -0.272558206628420, 0.482975181259091, 0., 0., -1.00204741084505]
